N_min: 900  N_max: 1000   N_step: 20  N_toys: 1000
Execution time = 100.15903639793396
N:    900, T0: 33.550383, Power: 0.970000
N:    920, T0: 33.671156, Power: 0.978000
N:    940, T0: 33.384940, Power: 0.981000
N:    960, T0: 33.342812, Power: 0.985000
N:    980, T0: 33.544823, Power: 0.986000
